   1   2
   2   1   9
   3   2   6
   4   3   7
   5   4
   6   7   3
   7   8  11   4
   8   5   7
   9  10  13
  10   6  14
  11  12  10
  12   8  16
  13   9  18
  14  15  13
  15  11  21
  16  12  15
  17  14  20
  18  19  24
  19  17  18
  20  23  17
  21  20  22
  22  16  29
  23  19  25
  24  25  26
  25  27  23
  26  24  30
  27  28  26
  28  21  32
  29  22  28
  30  31  34
  31  27  35
  32  33  31
  33  29  37
  34  30  38
  35  36  34
  36  32  42
  37  33  36
  38  39  40
  39  35  38
  40  41
  41  39  42
  42  43  41
  43  37
