    1    2   62
    2    9  218
    9   13  328
   13   18  434
   18   24  510
   24   26  530
   26   30  640
   30   34  715
   34   38  821
   38   40  909
   40   41  987
   41   42 1065
   41   42 1143
   39   41 1177
   38   39 1253
   38   39 1329
   35   39 1435
   34   35 1511
   30   34 1586
   30   31 1662
   31   35 1712
   35   36 1788
   36   42 1918
   42   43 1996
   37   43 2103
   36   37 2179
   32   36 2229
   31   32 2305
   27   31 2415
   26   27 2491
   24   26 2511
   24   25 2587
   23   25 2625
   23   25 2663
   25   27 2683
   27   28 2757
   28   32 2867
   32   33 2943
   33   37 2993
   33   37 3043
   29   33 3153
   28   29 3228
   21   28 3335
   21   22 3413
   22   29 3520
   22   29 3627
   16   22 3735
   15   16 3809
   15   21 3917
   20   21 3953
   17   20 4018
   17   20 4083
   20   23 4148
   19   23 4213
   18   19 4249
   18   19 4285
   17   19 4350
   14   17 4424
   13   14 4500
    9   13 4610
    9   10 4686
   10   14 4796
   14   15 4870
   11   15 4980
   10   11 5055
    6   10 5165
    3    6 5235
    3    6 5305
    6    7 5380
    4    7 5460
    4    7 5540
    7   11 5650
   11   12 5720
   12   16 5830
   12   16 5940
    8   12 6050
    7    8 6120
    7    8 6190
    5    8 6290
    4    5 6373
    3    4 6453
    2    3 6533
    1    2 6595
    1    2 6657
