  Lista dos Arcos Duplicados:

    2    1
    3    2
    7    6
    8    5
   14   13
   18   11
   20   19
   21   20
   23   22
   30   12
   32   31
   33   29
   37   34
   38   37
   39   35
   39   38
   41   40
   42   41
   51   50
   53   52
   57   56
   61   60
   62   54
   63   56
   63   55
   64   63
   66   65
   71   70
   72   71
   75   74
   80   79
   81   76
   81   78
   83   82
   85   47
   85   84
   89   86
   97   95
   99   98
  101  100
  102   67
  105  103
  107  106
  109  108
  110  108
  111  110
  112  110
  113  112
